gambler,10,0.235702260396,0.200000000000000011,0.100000000000000006,0.200000000000000011,0.100000000000000006,0.299999999999999989,0.100000000000000006
random,10,0.235702260396,0.100000000000000006,0.100000000000000006,0.100000000000000006,0.200000000000000011,0.200000000000000011,0.299999999999999989
gambler,20,0.210818510678,0.149999999999999994,0.149999999999999994,0.149999999999999994,0.100000000000000006,0.250000000000000000,0.200000000000000011
random,20,0.247206616237,0.200000000000000011,0.200000000000000011,0.050000000000000003,0.149999999999999994,0.200000000000000011,0.200000000000000011
gambler,40,0.252762514802,0.149999999999999994,0.125000000000000000,0.149999999999999994,0.174999999999999989,0.250000000000000000,0.149999999999999994
random,40,0.235702260396,0.125000000000000000,0.225000000000000006,0.125000000000000000,0.149999999999999994,0.174999999999999989,0.200000000000000011
random,80,0.220479275922,0.149999999999999994,0.200000000000000011,0.187500000000000000,0.125000000000000000,0.162500000000000006,0.174999999999999989
gambler,80,0.220479275922,0.174999999999999989,0.149999999999999994,0.174999999999999989,0.137500000000000011,0.212499999999999994,0.149999999999999994
random,160,0.321670984427,0.118749999999999994,0.187500000000000000,0.187500000000000000,0.149999999999999994,0.187500000000000000,0.168750000000000011
gambler,160,0.280128938566,0.187500000000000000,0.156250000000000000,0.162500000000000006,0.131250000000000006,0.200000000000000011,0.162500000000000006
random,320,0.289875452182,0.153125000000000011,0.200000000000000011,0.165624999999999994,0.165624999999999994,0.149999999999999994,0.165624999999999994
gambler,320,0.231990181785,0.181249999999999994,0.159374999999999989,0.162500000000000006,0.143749999999999989,0.178125000000000006,0.174999999999999989
random,640,0.421842848569,0.142187499999999994,0.192187500000000011,0.170312500000000006,0.179687500000000000,0.164062500000000000,0.151562499999999989
random,10,0.235702260396,0.299999999999999989,0.200000000000000011,0.100000000000000006,0.100000000000000006,0.200000000000000011,0.100000000000000006
gambler,640,0.138192699598,0.174999999999999989,0.162500000000000006,0.160937500000000011,0.160937500000000011,0.170312500000000006,0.170312500000000006
random,20,0.307318148576,0.250000000000000000,0.200000000000000011,0.050000000000000003,0.100000000000000006,0.200000000000000011,0.200000000000000011
random,40,0.453382350291,0.275000000000000022,0.125000000000000000,0.050000000000000003,0.149999999999999994,0.225000000000000006,0.174999999999999989
gambler,10,0.34960294939,0.299999999999999989,0.000000000000000000,0.200000000000000011,0.100000000000000006,0.299999999999999989,0.100000000000000006
gambler,10,0.235702260396,0.200000000000000011,0.100000000000000006,0.100000000000000006,0.100000000000000006,0.200000000000000011,0.299999999999999989
random,80,0.255495161946,0.212499999999999994,0.174999999999999989,0.137500000000000011,0.125000000000000000,0.174999999999999989,0.174999999999999989
gambler,20,0.210818510678,0.250000000000000000,0.149999999999999994,0.149999999999999994,0.100000000000000006,0.200000000000000011,0.149999999999999994
random,1280,0.21266333592,0.155468749999999989,0.165624999999999994,0.174218750000000006,0.171875000000000000,0.165624999999999994,0.167187499999999989
gambler,20,0.166666666667,0.200000000000000011,0.200000000000000011,0.100000000000000006,0.149999999999999994,0.149999999999999994,0.200000000000000011
gambler,40,0.174801474695,0.200000000000000011,0.149999999999999994,0.149999999999999994,0.125000000000000000,0.200000000000000011,0.174999999999999989
gambler,40,0.21730674684,0.174999999999999989,0.149999999999999994,0.100000000000000006,0.174999999999999989,0.200000000000000011,0.200000000000000011
random,160,0.331243448573,0.187500000000000000,0.156250000000000000,0.118749999999999994,0.187500000000000000,0.156250000000000000,0.193750000000000006
gambler,80,0.190029237517,0.200000000000000011,0.137500000000000011,0.149999999999999994,0.187500000000000000,0.162500000000000006,0.162500000000000006
gambler,80,0.278886675511,0.174999999999999989,0.149999999999999994,0.125000000000000000,0.149999999999999994,0.225000000000000006,0.174999999999999989
gambler,160,0.0589255650989,0.168750000000000011,0.162500000000000006,0.174999999999999989,0.168750000000000011,0.162500000000000006,0.162500000000000006
gambler,160,0.191847740554,0.162500000000000006,0.156250000000000000,0.156250000000000000,0.162500000000000006,0.200000000000000011,0.162500000000000006
random,10,0.394405318873,0.200000000000000011,0.400000000000000022,0.200000000000000011,0.100000000000000006,0.100000000000000006,0.000000000000000000
random,320,0.215702985092,0.184375000000000011,0.162500000000000006,0.146875000000000006,0.165624999999999994,0.162500000000000006,0.178125000000000006
gambler,1280,0.253961665961,0.179687500000000000,0.167187499999999989,0.160156250000000000,0.162500000000000006,0.171093749999999989,0.159374999999999989
gambler,320,0.263523138347,0.178125000000000006,0.153125000000000011,0.162500000000000006,0.159374999999999989,0.193750000000000006,0.153125000000000011
gambler,320,0.163511807253,0.159374999999999989,0.174999999999999989,0.168750000000000011,0.174999999999999989,0.171875000000000000,0.149999999999999994
random,20,0.307318148576,0.100000000000000006,0.299999999999999989,0.149999999999999994,0.200000000000000011,0.149999999999999994,0.100000000000000006
random,40,0.197202659437,0.174999999999999989,0.200000000000000011,0.200000000000000011,0.174999999999999989,0.125000000000000000,0.125000000000000000
random,80,0.286259400622,0.149999999999999994,0.174999999999999989,0.212499999999999994,0.200000000000000011,0.125000000000000000,0.137500000000000011
random,640,0.209993386139,0.174999999999999989,0.170312500000000006,0.149999999999999994,0.173437499999999994,0.167187499999999989,0.164062500000000000
random,160,0.231240615425,0.162500000000000006,0.174999999999999989,0.187500000000000000,0.181249999999999994,0.131250000000000006,0.162500000000000006
gambler,10,0.298142397,0.100000000000000006,0.299999999999999989,0.000000000000000000,0.200000000000000011,0.200000000000000011,0.200000000000000011
gambler,20,0.278886675511,0.050000000000000003,0.200000000000000011,0.149999999999999994,0.200000000000000011,0.149999999999999994,0.250000000000000000
gambler,640,0.198518820826,0.178125000000000006,0.159374999999999989,0.174999999999999989,0.160937500000000011,0.168750000000000011,0.157812499999999994
gambler,640,0.17921510973,0.154687500000000006,0.176562500000000011,0.170312500000000006,0.170312500000000006,0.160937500000000011,0.167187499999999989
gambler,40,0.117851130198,0.149999999999999994,0.149999999999999994,0.200000000000000011,0.149999999999999994,0.174999999999999989,0.174999999999999989
random,320,0.210818510678,0.178125000000000006,0.159374999999999989,0.171875000000000000,0.146875000000000006,0.181249999999999994,0.162500000000000006
gambler,80,0.0833333333333,0.149999999999999994,0.174999999999999989,0.174999999999999989,0.174999999999999989,0.162500000000000006,0.162500000000000006
random,2560,0.396381199801,0.159374999999999989,0.158593750000000006,0.178515625000000011,0.169921875000000000,0.173828125000000000,0.159765624999999994
gambler,160,0.126381257401,0.174999999999999989,0.149999999999999994,0.162500000000000006,0.181249999999999994,0.168750000000000011,0.162500000000000006
random,640,0.389755977789,0.160937500000000011,0.149999999999999994,0.168750000000000011,0.149999999999999994,0.193750000000000006,0.176562500000000011
gambler,320,0.0768295371441,0.165624999999999994,0.159374999999999989,0.165624999999999994,0.171875000000000000,0.165624999999999994,0.171875000000000000
random,1280,0.299159702797,0.171875000000000000,0.162500000000000006,0.152343750000000000,0.167187499999999989,0.166406250000000006,0.179687500000000000
gambler,640,0.219690438774,0.159374999999999989,0.151562499999999989,0.176562500000000011,0.171875000000000000,0.167187499999999989,0.173437499999999994
random,1280,0.255495161946,0.154687500000000006,0.162500000000000006,0.167187499999999989,0.170312500000000006,0.178125000000000006,0.167187499999999989
gambler,1280,0.229166666667,0.177343749999999994,0.156250000000000000,0.170312500000000006,0.167187499999999989,0.164843750000000011,0.164062500000000000
gambler,1280,0.121478164476,0.159374999999999989,0.167968750000000000,0.166406250000000006,0.167968750000000000,0.169531249999999994,0.168750000000000011
gambler,2560,0.290399031028,0.172656250000000011,0.167968750000000000,0.161328124999999989,0.164843750000000011,0.174609375000000011,0.158593750000000006
gambler,1280,0.204548961811,0.167968750000000000,0.157812499999999994,0.173437499999999994,0.169531249999999994,0.160156250000000000,0.171093749999999989
random,2560,0.300318118372,0.169140624999999989,0.164062500000000000,0.157421874999999989,0.169140624999999989,0.163671874999999994,0.176562500000000011
random,2560,0.279197759463,0.162890625000000011,0.160546875000000006,0.163281249999999989,0.165234374999999989,0.171875000000000000,0.176171875000000006
random,5120,0.148048650037,0.165039062500000000,0.163476562500000006,0.165624999999999994,0.168164062499999989,0.168945312500000000,0.168750000000000011
gambler,2560,0.153376352661,0.171484374999999994,0.163671874999999994,0.168359375000000006,0.164062500000000000,0.163671874999999994,0.168750000000000011
gambler,10,0.235702260396,0.100000000000000006,0.100000000000000006,0.299999999999999989,0.200000000000000011,0.200000000000000011,0.100000000000000006
gambler,2560,0.238721275177,0.164843750000000011,0.162500000000000006,0.171484374999999994,0.170312500000000006,0.159374999999999989,0.171484374999999994
gambler,2560,0.172929216412,0.160546875000000006,0.169921875000000000,0.163671874999999994,0.169140624999999989,0.169140624999999989,0.167578124999999994
gambler,20,0.166666666667,0.149999999999999994,0.100000000000000006,0.200000000000000011,0.200000000000000011,0.200000000000000011,0.149999999999999994
gambler,40,0.235702260396,0.149999999999999994,0.100000000000000006,0.200000000000000011,0.200000000000000011,0.200000000000000011,0.149999999999999994
random,10,0.537483849887,0.000000000000000000,0.400000000000000022,0.100000000000000006,0.000000000000000000,0.100000000000000006,0.400000000000000022
random,20,0.440958551844,0.100000000000000006,0.200000000000000011,0.100000000000000006,0.200000000000000011,0.050000000000000003,0.349999999999999978
random,40,0.337474278855,0.100000000000000006,0.149999999999999994,0.225000000000000006,0.100000000000000006,0.200000000000000011,0.225000000000000006
random,5120,0.162713534915,0.165039062500000000,0.167187499999999989,0.164453125000000006,0.167773437500000011,0.170898437500000000,0.164648437499999994
random,80,0.339525813124,0.187500000000000000,0.174999999999999989,0.174999999999999989,0.125000000000000000,0.225000000000000006,0.112500000000000003
random,160,0.429793231941,0.206249999999999989,0.218750000000000000,0.149999999999999994,0.125000000000000000,0.143749999999999989,0.156250000000000000
gambler,80,0.20069324298,0.174999999999999989,0.174999999999999989,0.162500000000000006,0.200000000000000011,0.162500000000000006,0.125000000000000000
gambler,5120,0.178547865509,0.166992187500000000,0.164648437499999994,0.164062500000000000,0.169531249999999994,0.170312500000000006,0.164453125000000006
random,320,0.385501116874,0.174999999999999989,0.203125000000000000,0.171875000000000000,0.131250000000000006,0.159374999999999989,0.159374999999999989
gambler,160,0.162446572413,0.156250000000000000,0.162500000000000006,0.162500000000000006,0.193750000000000006,0.168750000000000011,0.156250000000000000
gambler,320,0.163511807253,0.168750000000000011,0.149999999999999994,0.165624999999999994,0.181249999999999994,0.165624999999999994,0.168750000000000011
random,640,0.248607231503,0.162500000000000006,0.179687500000000000,0.165624999999999994,0.148437500000000000,0.173437499999999994,0.170312500000000006
random,10,0.471404520791,0.400000000000000022,0.000000000000000000,0.100000000000000006,0.200000000000000011,0.000000000000000000,0.299999999999999989
random,20,0.542627353203,0.400000000000000022,0.050000000000000003,0.100000000000000006,0.100000000000000006,0.100000000000000006,0.250000000000000000
gambler,640,0.0986013297183,0.168750000000000011,0.160937500000000011,0.167187499999999989,0.173437499999999994,0.164062500000000000,0.165624999999999994
random,40,0.574939610355,0.325000000000000011,0.050000000000000003,0.200000000000000011,0.074999999999999997,0.149999999999999994,0.200000000000000011
random,80,0.631356564163,0.287499999999999978,0.050000000000000003,0.200000000000000011,0.162500000000000006,0.149999999999999994,0.149999999999999994
random,1280,0.242419803463,0.153125000000000011,0.164843750000000011,0.174999999999999989,0.167968750000000000,0.170312500000000006,0.168750000000000011
random,160,0.43461349368,0.225000000000000006,0.118749999999999994,0.181249999999999994,0.156250000000000000,0.181249999999999994,0.137500000000000011
random,5120,0.31173517518,0.164648437499999994,0.165234374999999989,0.159960937500000011,0.171289062500000006,0.173046874999999989,0.165820312500000011
gambler,1280,0.160294867181,0.163281249999999989,0.171875000000000000,0.169531249999999994,0.167187499999999989,0.158593750000000006,0.169531249999999994
random,320,0.0950146187583,0.171875000000000000,0.162500000000000006,0.162500000000000006,0.171875000000000000,0.159374999999999989,0.171875000000000000
gambler,5120,0.168608479752,0.164062500000000000,0.170117187499999989,0.163476562500000006,0.166992187500000000,0.166601562499999994,0.168750000000000011
gambler,5120,0.255495161946,0.167187499999999989,0.163867187500000011,0.168164062499999989,0.168554687499999994,0.160546875000000006,0.171679687500000011
gambler,5120,0.205184537537,0.171093749999999989,0.162304687499999989,0.168164062499999989,0.164257812499999989,0.166015625000000000,0.168164062499999989
random,640,0.324893144827,0.185937500000000006,0.160937500000000011,0.162500000000000006,0.164062500000000000,0.146875000000000006,0.179687500000000000
random,2560,0.246767293664,0.161328124999999989,0.162500000000000006,0.168750000000000011,0.172656250000000011,0.162109375000000000,0.172656250000000011
random,10240,0.109993292093,0.164550781250000000,0.166015625000000000,0.167187499999999989,0.167382812500000006,0.167773437500000011,0.167089843749999994
gambler,2560,0.226403799782,0.160156250000000000,0.173437499999999994,0.166015625000000000,0.162500000000000006,0.167578124999999994,0.170312500000000006
random,1280,0.52258040317,0.197656250000000006,0.154687500000000006,0.164062500000000000,0.160156250000000000,0.155468749999999989,0.167968750000000000
random,10240,0.320047739495,0.163867187500000011,0.170312500000000006,0.165429687500000006,0.163476562500000006,0.171679687500000011,0.165234374999999989
random,5120,0.274534011756,0.163867187500000011,0.166406250000000006,0.169140624999999989,0.169140624999999989,0.159960937500000011,0.171484374999999994
random,2560,0.467799963185,0.183593750000000000,0.164453125000000006,0.167578124999999994,0.156640625000000006,0.156640625000000006,0.171093749999999989
random,10,0.567646212198,0.299999999999999989,0.100000000000000006,0.100000000000000006,0.000000000000000000,0.500000000000000000,0.000000000000000000
random,20,0.440958551844,0.250000000000000000,0.100000000000000006,0.100000000000000006,0.100000000000000006,0.349999999999999978,0.100000000000000006
random,40,0.424918292799,0.174999999999999989,0.074999999999999997,0.149999999999999994,0.149999999999999994,0.299999999999999989,0.149999999999999994
random,80,0.368932393686,0.212499999999999994,0.087499999999999994,0.200000000000000011,0.162500000000000006,0.187500000000000000,0.149999999999999994
random,160,0.294627825494,0.193750000000000006,0.137500000000000011,0.193750000000000006,0.162500000000000006,0.174999999999999989,0.137500000000000011
random,10,0.235702260396,0.100000000000000006,0.200000000000000011,0.200000000000000011,0.100000000000000006,0.100000000000000006,0.299999999999999989
gambler,5120,0.182157688861,0.162695312499999994,0.167382812500000006,0.170898437500000000,0.164648437499999994,0.166992187500000000,0.167382812500000006
random,20,0.380058475033,0.100000000000000006,0.100000000000000006,0.149999999999999994,0.149999999999999994,0.149999999999999994,0.349999999999999978
random,40,0.361324723145,0.200000000000000011,0.149999999999999994,0.100000000000000006,0.125000000000000000,0.149999999999999994,0.275000000000000022
random,320,0.356000156055,0.159374999999999989,0.149999999999999994,0.174999999999999989,0.162500000000000006,0.206249999999999989,0.146875000000000006
gambler,10,0.1490711985,0.200000000000000011,0.200000000000000011,0.100000000000000006,0.200000000000000011,0.100000000000000006,0.200000000000000011
random,80,0.454911468799,0.125000000000000000,0.149999999999999994,0.100000000000000006,0.162500000000000006,0.212499999999999994,0.250000000000000000
gambler,20,0.166666666667,0.149999999999999994,0.200000000000000011,0.100000000000000006,0.200000000000000011,0.149999999999999994,0.200000000000000011
random,10,0.34960294939,0.100000000000000006,0.299999999999999989,0.000000000000000000,0.100000000000000006,0.200000000000000011,0.299999999999999989
gambler,40,0.311804782231,0.149999999999999994,0.200000000000000011,0.125000000000000000,0.174999999999999989,0.100000000000000006,0.250000000000000000
random,160,0.244381304977,0.143749999999999989,0.168750000000000011,0.143749999999999989,0.162500000000000006,0.187500000000000000,0.193750000000000006
random,20,0.307318148576,0.250000000000000000,0.250000000000000000,0.050000000000000003,0.149999999999999994,0.149999999999999994,0.149999999999999994
gambler,80,0.278886675511,0.149999999999999994,0.187500000000000000,0.137500000000000011,0.187500000000000000,0.125000000000000000,0.212499999999999994
random,40,0.21730674684,0.225000000000000006,0.174999999999999989,0.125000000000000000,0.174999999999999989,0.174999999999999989,0.125000000000000000
random,640,0.327288948111,0.143749999999999989,0.173437499999999994,0.171875000000000000,0.154687500000000006,0.178125000000000006,0.178125000000000006
random,80,0.238630351055,0.187500000000000000,0.187500000000000000,0.125000000000000000,0.200000000000000011,0.149999999999999994,0.149999999999999994
gambler,160,0.134370962472,0.156250000000000000,0.162500000000000006,0.156250000000000000,0.181249999999999994,0.162500000000000006,0.181249999999999994
random,160,0.305050086962,0.181249999999999994,0.156250000000000000,0.162500000000000006,0.212499999999999994,0.143749999999999989,0.143749999999999989
random,320,0.513024799054,0.131250000000000006,0.156250000000000000,0.146875000000000006,0.165624999999999994,0.178125000000000006,0.221874999999999989
random,10240,0.42357553357,0.167675781249999989,0.166601562499999994,0.158984375000000011,0.168554687499999994,0.172949218749999994,0.165234374999999989
gambler,320,0.114867072934,0.171875000000000000,0.165624999999999994,0.153125000000000011,0.168750000000000011,0.171875000000000000,0.168750000000000011
gambler,10240,0.187384223515,0.168750000000000011,0.164062500000000000,0.168750000000000011,0.164648437499999994,0.167578124999999994,0.166210937499999989
random,1280,0.321805885244,0.149218750000000011,0.173437499999999994,0.164062500000000000,0.164843750000000011,0.176562500000000011,0.171875000000000000
random,320,0.234224488709,0.159374999999999989,0.156250000000000000,0.159374999999999989,0.190624999999999989,0.178125000000000006,0.156250000000000000
gambler,640,0.249652536316,0.165624999999999994,0.173437499999999994,0.146875000000000006,0.170312500000000006,0.165624999999999994,0.178125000000000006
random,640,0.570392165288,0.128124999999999989,0.182812499999999989,0.170312500000000006,0.148437500000000000,0.173437499999999994,0.196874999999999994
gambler,10240,0.233760769211,0.164746093749999989,0.167675781249999989,0.163476562500000006,0.168847656250000006,0.165332031250000011,0.169921875000000000
random,640,0.329667340748,0.190624999999999989,0.160937500000000011,0.154687500000000006,0.171875000000000000,0.170312500000000006,0.151562499999999989
gambler,10240,0.103119738923,0.166503906250000000,0.165917968750000006,0.167089843749999994,0.168261718750000011,0.167187499999999989,0.165039062500000000
random,5120,0.331570861372,0.174999999999999989,0.166992187500000000,0.166406250000000006,0.160351562499999989,0.162695312499999994,0.168554687499999994
random,2560,0.580349511549,0.144531250000000000,0.164843750000000011,0.175781250000000000,0.166406250000000006,0.167187499999999989,0.181249999999999994
gambler,1280,0.273702748332,0.171093749999999989,0.173437499999999994,0.153125000000000011,0.166406250000000006,0.160937500000000011,0.174999999999999989
random,10,0.34960294939,0.299999999999999989,0.000000000000000000,0.299999999999999989,0.100000000000000006,0.100000000000000006,0.200000000000000011
gambler,10,0.298142397,0.100000000000000006,0.299999999999999989,0.299999999999999989,0.100000000000000006,0.100000000000000006,0.100000000000000006
random,1280,0.472048579186,0.141406250000000011,0.165624999999999994,0.165624999999999994,0.171093749999999989,0.170312500000000006,0.185937500000000006
random,20,0.40138648596,0.299999999999999989,0.100000000000000006,0.250000000000000000,0.100000000000000006,0.050000000000000003,0.200000000000000011
gambler,20,0.105409255339,0.149999999999999994,0.200000000000000011,0.200000000000000011,0.149999999999999994,0.149999999999999994,0.149999999999999994
random,40,0.43461349368,0.225000000000000006,0.149999999999999994,0.225000000000000006,0.174999999999999989,0.025000000000000001,0.200000000000000011
random,1280,0.13661330259,0.167187499999999989,0.167968750000000000,0.171875000000000000,0.160937500000000011,0.169531249999999994,0.162500000000000006
gambler,40,0.197202659437,0.174999999999999989,0.200000000000000011,0.200000000000000011,0.125000000000000000,0.125000000000000000,0.174999999999999989
random,80,0.339525813124,0.187500000000000000,0.174999999999999989,0.225000000000000006,0.149999999999999994,0.100000000000000006,0.162500000000000006
random,160,0.364196223057,0.162500000000000006,0.181249999999999994,0.218750000000000000,0.162500000000000006,0.125000000000000000,0.149999999999999994
gambler,80,0.153659074288,0.187500000000000000,0.187500000000000000,0.174999999999999989,0.149999999999999994,0.149999999999999994,0.149999999999999994
random,320,0.466220024357,0.168750000000000011,0.184375000000000011,0.209375000000000006,0.131250000000000006,0.140625000000000000,0.165624999999999994
gambler,160,0.180662361572,0.193750000000000006,0.174999999999999989,0.149999999999999994,0.156250000000000000,0.162500000000000006,0.162500000000000006
random,640,0.399652626943,0.174999999999999989,0.160937500000000011,0.196874999999999994,0.148437500000000000,0.154687500000000006,0.164062500000000000
gambler,2560,0.277795138346,0.169140624999999989,0.171875000000000000,0.158984375000000011,0.170703125000000011,0.158984375000000011,0.170312500000000006
gambler,320,0.208333333333,0.181249999999999994,0.168750000000000011,0.146875000000000006,0.156250000000000000,0.171875000000000000,0.174999999999999989
random,2560,0.191167829116,0.162890625000000011,0.165234374999999989,0.162890625000000011,0.170312500000000006,0.165624999999999994,0.173046874999999989
random,10240,0.167769786877,0.166406250000000006,0.165332031250000011,0.169238281250000011,0.164160156249999994,0.167968750000000000,0.166894531250000006
random,1280,0.56311694562,0.167968750000000000,0.152343750000000000,0.196093750000000011,0.152343750000000000,0.155468749999999989,0.175781250000000000
gambler,10240,0.257230508926,0.164160156249999994,0.165234374999999989,0.167968750000000000,0.171386718750000000,0.164160156249999994,0.167089843749999994
random,5120,0.475963022315,0.153320312500000000,0.168554687499999994,0.172656250000000011,0.165234374999999989,0.166796875000000011,0.173437499999999994
gambler,640,0.141911553049,0.167187499999999989,0.173437499999999994,0.157812499999999994,0.165624999999999994,0.173437499999999994,0.162500000000000006
random,2560,0.277795138346,0.164453125000000006,0.164453125000000006,0.163281249999999989,0.175390624999999994,0.172656250000000011,0.159765624999999994
random,20480,0.229556959314,0.168310546874999994,0.165673828125000006,0.164990234374999989,0.169384765624999989,0.166064453125000011,0.165576171875000011
gambler,10240,0.240081004848,0.164746093749999989,0.168164062499999989,0.171191406250000011,0.164453125000000006,0.166308593750000011,0.165136718749999994
random,10,0.596284794,0.000000000000000000,0.200000000000000011,0.299999999999999989,0.000000000000000000,0.500000000000000000,0.000000000000000000
random,20,0.572518801244,0.000000000000000000,0.200000000000000011,0.299999999999999989,0.100000000000000006,0.349999999999999978,0.050000000000000003
random,2560,0.546254608422,0.160546875000000006,0.159765624999999994,0.183593750000000000,0.160937500000000011,0.155468749999999989,0.179687500000000000
random,40,0.505525029603,0.100000000000000006,0.149999999999999994,0.275000000000000022,0.074999999999999997,0.275000000000000022,0.125000000000000000
random,80,0.351583718495,0.162500000000000006,0.187500000000000000,0.162500000000000006,0.087499999999999994,0.212499999999999994,0.187500000000000000
gambler,1280,0.109052102736,0.164843750000000011,0.171093749999999989,0.162500000000000006,0.170312500000000006,0.165624999999999994,0.165624999999999994
gambler,10,0.298142397,0.000000000000000000,0.200000000000000011,0.200000000000000011,0.299999999999999989,0.200000000000000011,0.100000000000000006
gambler,5120,0.170718965782,0.167382812500000006,0.166210937499999989,0.162109375000000000,0.169140624999999989,0.166015625000000000,0.169140624999999989
gambler,20,0.333333333333,0.100000000000000006,0.100000000000000006,0.200000000000000011,0.200000000000000011,0.299999999999999989,0.100000000000000006
random,160,0.37267799625,0.200000000000000011,0.168750000000000011,0.187500000000000000,0.106249999999999997,0.168750000000000011,0.168750000000000011
gambler,40,0.1490711985,0.174999999999999989,0.149999999999999994,0.125000000000000000,0.200000000000000011,0.174999999999999989,0.174999999999999989
gambler,80,0.0833333333333,0.162500000000000006,0.174999999999999989,0.149999999999999994,0.174999999999999989,0.162500000000000006,0.174999999999999989
random,320,0.175791859248,0.159374999999999989,0.156250000000000000,0.174999999999999989,0.156250000000000000,0.181249999999999994,0.171875000000000000
random,5120,0.340004850864,0.165234374999999989,0.165624999999999994,0.158203125000000000,0.172460937499999994,0.171875000000000000,0.166601562499999994
gambler,160,0.191847740554,0.181249999999999994,0.156250000000000000,0.143749999999999989,0.181249999999999994,0.181249999999999994,0.156250000000000000
random,10240,0.348623906914,0.172558593749999989,0.168847656250000006,0.162597656250000000,0.166894531250000006,0.162792968749999989,0.166308593750000011
gambler,320,0.139443337756,0.165624999999999994,0.165624999999999994,0.156250000000000000,0.174999999999999989,0.178125000000000006,0.159374999999999989
random,640,0.304195204141,0.146875000000000006,0.157812499999999994,0.176562500000000011,0.162500000000000006,0.174999999999999989,0.181249999999999994
random,5120,0.325826939409,0.168164062499999989,0.162695312499999994,0.163671874999999994,0.175585937500000011,0.167382812500000006,0.162500000000000006
gambler,10,0.235702260396,0.200000000000000011,0.100000000000000006,0.299999999999999989,0.100000000000000006,0.100000000000000006,0.200000000000000011
gambler,20,0.210818510678,0.250000000000000000,0.149999999999999994,0.200000000000000011,0.149999999999999994,0.100000000000000006,0.149999999999999994
gambler,640,0.113345587573,0.170312500000000006,0.165624999999999994,0.165624999999999994,0.170312500000000006,0.170312500000000006,0.157812499999999994
gambler,40,0.197202659437,0.200000000000000011,0.125000000000000000,0.200000000000000011,0.174999999999999989,0.125000000000000000,0.174999999999999989
gambler,80,0.123603308118,0.162500000000000006,0.174999999999999989,0.174999999999999989,0.174999999999999989,0.137500000000000011,0.174999999999999989
gambler,160,0.134370962472,0.162500000000000006,0.181249999999999994,0.162500000000000006,0.156250000000000000,0.156250000000000000,0.181249999999999994
random,1280,0.425020424346,0.148437500000000000,0.168750000000000011,0.178906249999999989,0.153125000000000011,0.178906249999999989,0.171875000000000000
random,5120,0.476919549761,0.168750000000000011,0.164257812499999989,0.170703125000000011,0.157226562500000000,0.161328124999999989,0.177734375000000000
gambler,320,0.215702985092,0.159374999999999989,0.190624999999999989,0.171875000000000000,0.153125000000000011,0.162500000000000006,0.162500000000000006
random,20480,0.363957796699,0.162792968749999989,0.169677734375000000,0.168115234375000006,0.164501953124999989,0.169287109374999994,0.165624999999999994
gambler,1280,0.213274731534,0.177343749999999994,0.164843750000000011,0.167187499999999989,0.167968750000000000,0.165624999999999994,0.157031250000000011
gambler,2560,0.230958900865,0.162109375000000000,0.170312500000000006,0.163281249999999989,0.162109375000000000,0.174218750000000006,0.167968750000000000
random,10,0.34960294939,0.000000000000000000,0.200000000000000011,0.100000000000000006,0.100000000000000006,0.299999999999999989,0.299999999999999989
random,20,0.527046276695,0.050000000000000003,0.100000000000000006,0.050000000000000003,0.149999999999999994,0.349999999999999978,0.299999999999999989
random,10240,0.339158092643,0.160156250000000000,0.166699218749999989,0.168750000000000011,0.165917968750000006,0.167382812500000006,0.171093749999999989
random,40,0.471404520791,0.050000000000000003,0.149999999999999994,0.250000000000000000,0.100000000000000006,0.250000000000000000,0.200000000000000011
random,80,0.380058475033,0.125000000000000000,0.100000000000000006,0.162500000000000006,0.187500000000000000,0.212499999999999994,0.212499999999999994
random,160,0.539418411089,0.137500000000000011,0.093750000000000000,0.156250000000000000,0.212499999999999994,0.187500000000000000,0.212499999999999994
gambler,640,0.202415963358,0.156250000000000000,0.168750000000000011,0.181249999999999994,0.159374999999999989,0.168750000000000011,0.165624999999999994
random,20480,0.473941162693,0.165722656249999989,0.165576171875000011,0.160498046874999994,0.168457031250000000,0.170849609374999989,0.168896484374999989
random,320,0.384147685721,0.162500000000000006,0.125000000000000000,0.168750000000000011,0.190624999999999989,0.165624999999999994,0.187500000000000000
random,640,0.353307782095,0.181249999999999994,0.154687500000000006,0.143749999999999989,0.174999999999999989,0.164062500000000000,0.181249999999999994
random,2560,0.383186113034,0.159374999999999989,0.163671874999999994,0.172656250000000011,0.155468749999999989,0.173828125000000000,0.174999999999999989
gambler,1280,0.133723387799,0.159374999999999989,0.165624999999999994,0.171093749999999989,0.166406250000000006,0.167968750000000000,0.169531249999999994
random,1280,0.285348227804,0.171093749999999989,0.178906249999999989,0.152343750000000000,0.167187499999999989,0.166406250000000006,0.164062500000000000
gambler,10,0.235702260396,0.100000000000000006,0.299999999999999989,0.200000000000000011,0.100000000000000006,0.100000000000000006,0.200000000000000011
gambler,20480,0.240058405798,0.169580078125000006,0.166503906250000000,0.167724609375000000,0.165380859374999994,0.164306640625000000,0.166503906250000000
gambler,2560,0.220577682209,0.172265625000000006,0.171093749999999989,0.168750000000000011,0.160156250000000000,0.163281249999999989,0.164453125000000006
random,10240,0.369211693078,0.166210937499999989,0.171777343750000006,0.160253906249999994,0.167773437500000011,0.169335937500000006,0.164648437499999994
gambler,20,0.210818510678,0.100000000000000006,0.200000000000000011,0.250000000000000000,0.149999999999999994,0.149999999999999994,0.149999999999999994
gambler,5120,0.149579851399,0.162890625000000011,0.167968750000000000,0.168554687499999994,0.164843750000000011,0.168359375000000006,0.167382812500000006
gambler,40,0.283823106099,0.100000000000000006,0.200000000000000011,0.225000000000000006,0.125000000000000000,0.200000000000000011,0.149999999999999994
gambler,80,0.166666666667,0.149999999999999994,0.174999999999999989,0.187500000000000000,0.137500000000000011,0.162500000000000006,0.187500000000000000
gambler,160,0.186338998125,0.149999999999999994,0.174999999999999989,0.181249999999999994,0.143749999999999989,0.168750000000000011,0.181249999999999994
gambler,320,0.178730088246,0.153125000000000011,0.178125000000000006,0.174999999999999989,0.153125000000000011,0.171875000000000000,0.168750000000000011
gambler,10,0.298142397,0.000000000000000000,0.200000000000000011,0.100000000000000006,0.200000000000000011,0.200000000000000011,0.299999999999999989
gambler,20,0.166666666667,0.100000000000000006,0.149999999999999994,0.200000000000000011,0.149999999999999994,0.200000000000000011,0.200000000000000011
gambler,10240,0.134249780157,0.164550781250000000,0.167968750000000000,0.166015625000000000,0.168164062499999989,0.165722656249999989,0.167578124999999994
gambler,40,0.235702260396,0.125000000000000000,0.125000000000000000,0.149999999999999994,0.200000000000000011,0.225000000000000006,0.174999999999999989
random,5120,0.351027756896,0.156054687500000011,0.168164062499999989,0.170117187499999989,0.166601562499999994,0.170312500000000006,0.168750000000000011
gambler,80,0.220479275922,0.125000000000000000,0.149999999999999994,0.187500000000000000,0.162500000000000006,0.174999999999999989,0.200000000000000011
random,10240,0.504332359137,0.158789062499999994,0.167968750000000000,0.161328124999999989,0.173144531250000011,0.169238281250000011,0.169531249999999994
gambler,640,0.184936175176,0.160937500000000011,0.176562500000000011,0.173437499999999994,0.154687500000000006,0.167187499999999989,0.167187499999999989
gambler,160,0.235702260396,0.137500000000000011,0.149999999999999994,0.193750000000000006,0.168750000000000011,0.168750000000000011,0.181249999999999994
gambler,2560,0.179940190681,0.161328124999999989,0.166796875000000011,0.171484374999999994,0.169531249999999994,0.167968750000000000,0.162890625000000011
gambler,320,0.213274731534,0.156250000000000000,0.168750000000000011,0.181249999999999994,0.146875000000000006,0.168750000000000011,0.178125000000000006
random,2560,0.234317122483,0.158593750000000006,0.167968750000000000,0.166796875000000011,0.171484374999999994,0.163281249999999989,0.171875000000000000
gambler,1280,0.107851492546,0.161718749999999994,0.166406250000000006,0.165624999999999994,0.166406250000000006,0.171875000000000000,0.167968750000000000
gambler,640,0.152525043481,0.162500000000000006,0.162500000000000006,0.173437499999999994,0.164062500000000000,0.160937500000000011,0.176562500000000011
gambler,1280,0.138506417822,0.168750000000000011,0.167187499999999989,0.171875000000000000,0.164843750000000011,0.159374999999999989,0.167968750000000000
random,10240,0.487762571738,0.165429687500000006,0.163183593749999994,0.172363281250000000,0.159179687500000000,0.167089843749999994,0.172753906250000006
random,10,0.298142397,0.100000000000000006,0.299999999999999989,0.100000000000000006,0.100000000000000006,0.100000000000000006,0.299999999999999989
gambler,2560,0.209683127335,0.164062500000000000,0.166796875000000011,0.165234374999999989,0.167187499999999989,0.174999999999999989,0.161718749999999994
random,20,0.307318148576,0.050000000000000003,0.250000000000000000,0.149999999999999994,0.149999999999999994,0.250000000000000000,0.149999999999999994
gambler,5120,0.206922304931,0.171093749999999989,0.169140624999999989,0.166992187500000000,0.164453125000000006,0.166015625000000000,0.162304687499999989
random,40,0.414996653266,0.074999999999999997,0.275000000000000022,0.149999999999999994,0.125000000000000000,0.225000000000000006,0.149999999999999994
random,80,0.411636301174,0.074999999999999997,0.212499999999999994,0.162500000000000006,0.162500000000000006,0.174999999999999989,0.212499999999999994
gambler,2560,0.175915265272,0.168359375000000006,0.162890625000000011,0.169140624999999989,0.163671874999999994,0.163671874999999994,0.172265625000000006
random,10240,0.300697251077,0.160351562499999989,0.168847656250000006,0.168554687499999994,0.166601562499999994,0.168847656250000006,0.166796875000000011
random,160,0.453382350291,0.106249999999999997,0.156250000000000000,0.149999999999999994,0.206249999999999989,0.168750000000000011,0.212499999999999994
gambler,10,0.235702260396,0.299999999999999989,0.100000000000000006,0.100000000000000006,0.200000000000000011,0.200000000000000011,0.100000000000000006
random,10,0.34960294939,0.200000000000000011,0.100000000000000006,0.100000000000000006,0.100000000000000006,0.400000000000000022,0.100000000000000006
gambler,20,0.166666666667,0.200000000000000011,0.100000000000000006,0.149999999999999994,0.200000000000000011,0.149999999999999994,0.200000000000000011
random,20,0.357460176492,0.100000000000000006,0.149999999999999994,0.250000000000000000,0.100000000000000006,0.299999999999999989,0.100000000000000006
gambler,5120,0.269628731366,0.164843750000000011,0.166992187500000000,0.168554687499999994,0.166406250000000006,0.172851562500000000,0.160351562499999989
gambler,40,0.197202659437,0.225000000000000006,0.125000000000000000,0.149999999999999994,0.174999999999999989,0.149999999999999994,0.174999999999999989
random,5120,0.369373296198,0.156640625000000006,0.165624999999999994,0.168750000000000011,0.171484374999999994,0.165429687500000006,0.172070312499999989
random,320,0.328612402552,0.134374999999999994,0.156250000000000000,0.168750000000000011,0.168750000000000011,0.178125000000000006,0.193750000000000006
gambler,20480,0.130270818341,0.165478515624999989,0.166552734375000011,0.166113281249999994,0.168408203124999989,0.166406250000000006,0.167041015625000011
random,40,0.34960294939,0.149999999999999994,0.174999999999999989,0.174999999999999989,0.100000000000000006,0.275000000000000022,0.125000000000000000
random,640,0.34960294939,0.142187499999999994,0.160937500000000011,0.170312500000000006,0.179687500000000000,0.162500000000000006,0.184375000000000011
random,80,0.421637021356,0.149999999999999994,0.162500000000000006,0.112500000000000003,0.137500000000000011,0.262500000000000011,0.174999999999999989
random,160,0.523741878749,0.162500000000000006,0.137500000000000011,0.156250000000000000,0.118749999999999994,0.250000000000000000,0.174999999999999989
gambler,80,0.0833333333333,0.174999999999999989,0.149999999999999994,0.162500000000000006,0.174999999999999989,0.162500000000000006,0.174999999999999989
random,1280,0.261040918461,0.154687500000000006,0.167187499999999989,0.170312500000000006,0.165624999999999994,0.163281249999999989,0.178906249999999989
random,320,0.56519416526,0.165624999999999994,0.128124999999999989,0.165624999999999994,0.149999999999999994,0.231250000000000011,0.159374999999999989
gambler,160,0.155902391116,0.149999999999999994,0.149999999999999994,0.174999999999999989,0.181249999999999994,0.168750000000000011,0.174999999999999989
gambler,20480,0.196968672601,0.166601562499999994,0.165380859374999994,0.164453125000000006,0.168164062499999989,0.167236328125000000,0.168164062499999989
gambler,320,0.275126233654,0.143749999999999989,0.156250000000000000,0.178125000000000006,0.190624999999999989,0.159374999999999989,0.171875000000000000
gambler,10,0.394405318873,0.200000000000000011,0.100000000000000006,0.000000000000000000,0.100000000000000006,0.400000000000000022,0.200000000000000011
gambler,10240,0.217905114417,0.164843750000000011,0.168164062499999989,0.167773437500000011,0.162695312499999994,0.168554687499999994,0.167968750000000000
